[gd_scene load_steps=7 format=3 uid="uid://tjmmmy1pof34"]

[ext_resource type="PackedScene" uid="uid://cjnl8pxwldrkb" path="res://softbody.tscn" id="1_cr5oa"]

[sub_resource type="WorldBoundaryShape3D" id="WorldBoundaryShape3D_tmf74"]

[sub_resource type="FastNoiseLite" id="FastNoiseLite_fl8jd"]
noise_type = 2
frequency = 0.0778
cellular_distance_function = 1
cellular_jitter = 2.0
cellular_return_type = 0

[sub_resource type="NoiseTexture2D" id="NoiseTexture2D_0rth5"]
seamless = true
noise = SubResource("FastNoiseLite_fl8jd")

[sub_resource type="StandardMaterial3D" id="StandardMaterial3D_ii1ka"]
albedo_color = Color(0.12549, 0.239216, 0.258824, 1)
albedo_texture = SubResource("NoiseTexture2D_0rth5")

[sub_resource type="PlaneMesh" id="PlaneMesh_5b6l1"]
size = Vector2(50, 50)

[node name="World" type="Node3D"]

[node name="StaticBody3D" type="StaticBody3D" parent="."]

[node name="CollisionShape3D" type="CollisionShape3D" parent="StaticBody3D"]
shape = SubResource("WorldBoundaryShape3D_tmf74")

[node name="MeshInstance3D" type="MeshInstance3D" parent="StaticBody3D"]
material_override = SubResource("StandardMaterial3D_ii1ka")
mesh = SubResource("PlaneMesh_5b6l1")

[node name="Camera3D" type="Camera3D" parent="."]
transform = Transform3D(1, 0, 0, 0, 0.866025, 0.5, 0, -0.5, 0.866025, 0, 1.56326, 2.08623)

[node name="Softbody" parent="." instance=ExtResource("1_cr5oa")]
transform = Transform3D(1, 0, 0, 0, 1, 0, 0, 0, 1, 0, 0.503165, 0)

[node name="DirectionalLight3D2" type="DirectionalLight3D" parent="."]
transform = Transform3D(0.625, -0.0502405, 0.779006, -0.649519, -0.587019, 0.483253, 0.433013, -0.808013, -0.399519, 0, 0, 0)

[node name="DirectionalLight3D" type="DirectionalLight3D" parent="."]
transform = Transform3D(0.866025, 0.25, 0.433013, -0.5, 0.433013, 0.75, 0, -0.866025, 0.5, 0, 0, 0)
